785
1373.91 5.46174 235.978 3 238.135 251.123 228.752
1481.82 12.2645 516.212 1 226.436 234.812 240.96
1320.99 16.2433 475.821 3 245.402 235.619 228.439
1643.31 18.2795 800.524 1 240.244 225.292 241.424
1436.51 21.0469 -912.259 3 225.432 242.246 227.774
1189.43 23.9722 -203.401 1 239.57 226.916 255.076
1446.41 24.8992 -29.8031 3 237.899 230.426 233.043
1320.37 25.6355 -836.28 1 243.985 248.684 253.081
1685.22 28.0366 -919.643 2 228.904 248.301 252.875
1573.82 29.0794 -381.732 1 234.534 242.006 247.09
1380.59 30.1359 884.517 2 232.173 251.891 254.339
1567.26 31.2724 748.731 1 243.41 236.574 236.021
1327.16 32.5876 -229.732 1 250.012 250.689 236.271
1494.49 35.2687 -407.162 1 248.245 228.35 233.517
1408.09 36.1171 395.535 2 227.649 240.276 233.162
1589.98 37.7712 42.9461 2 240.128 235.879 248.13
1569.28 40.5149 406.769 1 239.888 242.811 240.271
1606.65 40.2355 -522.261 2 230.411 238.078 239.096
1559.67 46.7834 -562.366 3 239.358 230.039 241.387
1401.82 47.4195 815.398 3 226.166 234.69 237.774
1541.1 47.8419 669.537 3 225.799 242.214 237.491
1438.93 49.5383 121.854 3 253.727 228.38 230.952
1316.33 50.9805 -141.398 1 237.67 249.976 242.657
1447.18 50.2986 -455.473 3 240.915 249.67 246.426
1010.17 52.6465 -407.267 1 237.278 233.508 252.711
1477.51 54.8189 309.043 3 226.458 226.115 235.354
1549.79 54.1641 465.076 3 236.47 245.848 250.914
1264.96 55.935 380.047 3 240.732 253.534 248.352
1518.42 56.9348 147.916 1 249.001 248.938 232.876
1310.78 57.4285 -481.107 2 254.155 241.505 226.166
1317.75 57.5201 805.63 2 226.612 226.836 249.948
1181.3 59.5834 647.423 2 249.018 255.448 227.745
1680.31 59.3484 57.2148 2 228.068 252.537 229.27
1239.89 60.5841 -981.556 1 246.508 252.65 228.658
1558.17 60.2363 -687.602 3 249.119 244.349 228.831
1681.26 60.4878 -687.173 1 244.825 238.072 255.183
1474.71 61.132 -156.602 3 241.343 244.547 244.095
1355.67 63.4379 -545.688 2 253.807 248.958 248.805
1256.5 64.6724 -855.336 2 235.768 244.625 243.288
1356.74 64.7848 947.103 3 241.64 242.986 230.667
1549.67 64.486 336.069 1 240.463 246.689 225.533
1318.94 65.2276 515.305 1 253.976 254.206 243.609
1324.99 65.557 -893.436 2 229.835 232.875 240.59
1496.87 65.5567 -581.55 2 226.227 248.011 254.931
1631.28 65.0393 16.1169 1 236.089 227.454 227.179
1075.58 66.7205 126.475 2 235.182 227.6 245.862
1366.12 66.1139 -942.033 1 249.176 250.399 237.209
1404.81 69.4778 189.534 1 246.779 225.718 233.656
1520.09 69.3526 -164.961 2 240.476 245.941 253.508
1578.34 69.2058 -129.152 2 228.697 234.894 248.56
1303.94 70.2292 936.447 2 235.813 245.625 254.547
1541.57 73.6201 519.946 2 244.468 236.381 238.656
1574.31 73.0057 998.567 3 250.407 246.489 246.341
1575.44 74.5501 580.608 3 236.93 251.625 225.564
1726.84 74.0304 -403.264 1 233.914 243.008 241.007
1326.59 75.6196 526.514 1 227.349 227.557 248.456
1554.79 75.1667 -379.405 4 226.491 228.697 235.226
1569.7 76.7044 989.377 4 249.6 253.563 241.768
1542.91 77.6806 770.418 2 252.489 247.545 241.636
1598.84 78.9838 -142.093 3 239.654 233.751 247.602
1426.82 79.3384 678.358 3 242.954 234.614 255.327
1464.75 79.043 -795.546 2 228.371 255.771 236.445
1534.75 79.011 86.3949 2 253.307 235.633 242.493
1590.14 81.7854 435.946 3 230.515 245.578 251.664
1063.49 82.4435 204.445 2 252.719 248.744 249.484
1600.87 83.2574 308.048 4 226.802 239.667 233.522
1610.49 83.8317 616.862 3 234.172 245.776 236.828
1636.34 83.7716 966.164 2 225.75 242.105 245.904
1300.17 85.9618 -807.305 2 255.505 236.724 231.729
1430.34 85.6162 -447.575 3 227.237 255.568 253.566
1559.41 85.6783 -817.573 4 253.618 240.292 249.568
1216.82 87.2842 344.703 3 242.839 248.82 239.003
1435.56 88.7222 -994.428 4 247.886 234.44 231.578
1736.83 88.4628 -92.4429 2 246.148 239.894 238.176
1109.69 94.3653 873.489 2 227.171 252.472 239.652
1436.26 96.8748 -531.766 4 228.612 234.194 228.205
1633.17 99.4554 578.183 4 229.747 229.948 239.583
1444.94 100.284 145.054 1 253.556 248.129 243.056
1376.66 101.574 -699.42 2 233.847 255.24 244.992
1527.11 103.481 -336.834 2 251.329 240.158 250.173
1730.36 103.601 412.414 2 237.822 228.469 250.199
1395 105.955 570.712 2 235.21 233.905 232.891
1474.54 105.091 -611.936 3 233.566 241.313 242.419
1486.34 105.832 552.076 2 244.765 236.884 227.165
1710.2 105.171 665.61 3 237.328 236.851 243.053
1483.5 107.683 590.769 1 250.669 247.217 225.149
1662.52 107.384 100.619 4 245.489 241.286 237.723
1318.62 111.396 722.307 2 239.607 230.721 254.75
1087.23 112.267 842.057 1 244.618 249.391 243.781
1774.93 112.612 -57.6048 3 236.052 237.018 246.693
1693.25 114.58 -104.098 4 228.384 237.163 253.709
1124.85 115.571 -927.427 2 243.702 234.541 229.26
1491.77 115.271 -594.521 1 227.967 233.296 232.255
1502.35 118.608 742.514 3 232.25 239.955 253.445
1390.03 119.049 658.365 2 237.567 235.877 234.136
1459.32 120.75 -706.343 4 255.915 248.361 248.81
1679.23 120.219 -716.368 4 233.665 244.896 227.152
1790.79 120.446 -333.904 1 243.893 240.357 252.244
1481.39 124.336 440.403 2 228.225 240.741 245.308
1490.83 124.652 996.997 3 229.211 244.361 247.607
1676.5 124.385 -279.004 3 245.47 234.012 229.642
1449.11 125.218 -462.608 3 254.558 253.531 238.28
1697.04 125.542 969.293 1 255.968 235.437 250.999
1454.81 126.893 -677.75 2 255.164 232.681 235.83
1265.15 127.732 -588.112 1 229.95 242.812 249.993
1480.7 129.675 -857.345 2 242.573 249.585 241.414
1447.34 130.081 -524.4 2 233.787 246.948 255.03
1242.87 131.168 992.96 1 228.612 229.158 236.404
1474.55 131.068 -178.465 2 250.799 238.121 243.236
1513.36 131.216 886.497 2 244.209 254.442 226.005
1520.16 131.238 785.772 2 246.193 239.587 250.905
1715.75 131.857 -222.101 4 251.495 239.357 240.099
1395.46 134.21 -75.4456 2 228.934 246.142 234.103
1446.69 136.587 608.394 1 246.534 242.12 234.46
1469.65 136.848 -711.679 4 231.163 237.872 235.89
1208.2 139.279 -695.315 1 246.467 237.143 242.952
1702.03 139.925 -921.519 2 233.21 225.823 234.114
1722.11 142.839 -478.344 3 235.794 245.306 229.185
1429.84 143.604 -180.53 3 243.356 255.863 242.265
1442.61 143.854 204.228 2 246.255 251.607 243.21
1445.5 145.087 425.09 3 244.265 229 255.304
1464.07 145.502 -605.266 3 246 234.092 247.829
1422.76 146.728 -834.318 1 225.485 237.387 238.693
1728.07 146.431 -817.785 4 225.151 241.906 244.937
1041.07 147.466 81.6445 1 254.061 241.445 254.218
1362.37 147.462 -156.824 2 247.745 253.93 233.44
1219.18 148.472 37.0514 1 228.469 234.312 232.108
1507.37 148.894 -9.7753 3 255.252 250.58 233.498
1260.79 150.774 111.43 2 228.566 237.972 239.193
1353.94 151.844 -945.801 1 247.943 251.352 250.87
1464.1 151.397 314.181 2 240.239 242.146 230.864
1501.62 153.646 -705.771 3 251.891 237.135 252.272
1737.93 153.614 434.551 4 251.737 243.673 239.18
1819 153.115 -481.947 1 228.466 245.318 233.766
1389.32 154.038 739.82 4 243.82 249.414 237.37
1416.96 154.261 864.587 2 255.386 228.215 232.683
1712.37 154.762 12.4676 3 252.342 235.163 244.572
1726.35 154.833 263.45 1 252.522 245.592 255.283
1468.87 155.055 742.129 4 233.26 243.721 242.656
1797.66 155.846 168.55 2 228.762 231.496 225.34
1857.48 155.45 -874.175 1 242.424 252.073 255.137
1357.22 156.364 937.645 3 254.68 228.831 238.621
1375.01 156.364 542.373 1 236.007 251.497 241.123
1422.89 157.765 -401.394 2 236.58 234.324 228.033
1714.51 157.787 -997.05 4 239.538 227.4 238.647
1504.49 158.874 -483.337 1 253.629 254.847 243.999
1740.95 158.508 118.576 1 232.429 249.067 249.044
1761.98 158.135 750.116 2 255.776 242.406 249.367
1186.68 159.064 -980.192 3 244.102 252.714 248.558
1337.92 159.615 -340.495 3 250.61 255.857 237.465
1361.36 159.608 275.215 4 255.956 255.174 232.424
1722.29 159.526 8.48329 2 244.219 244.296 235.951
1182.48 161.976 803.625 1 228.83 247.373 254.291
1272.53 161.686 478.299 3 233.197 248.625 238.736
1336.46 162.406 -500.226 3 228.967 249.141 225.01
1397.37 162.171 733.847 2 243.764 235 225.611
1448.82 162.434 -229.904 4 226.782 243.07 237.884
1705.25 163.275 -529.297 4 228.444 251.354 237.198
1504.44 164.241 -647.985 1 245.61 236.754 244.863
1720.03 164.188 -607.766 2 247.069 238.943 236.94
1175.98 165.473 962.996 3 229.964 248.296 237.633
1462.85 166.223 452.129 1 231.572 233.349 255.354
1481.64 166.847 780.676 2 254.98 229.1 248.2
1723.68 166.234 -768.373 4 232.139 234.281 246.134
1356.8 167.653 -798.394 4 243.543 235.511 228.857
1707.49 167.338 796.379 2 230.964 250.178 232.763
1491.8 168.693 944.688 1 238.457 250.747 246.035
1725.89 168.283 616.459 2 251.165 225.329 250.611
1859.34 168.761 53.9309 3 248.375 232.461 242.177
1236.42 169.636 913.419 1 250.777 247.293 233.675
1740.29 169.536 -403.284 1 226.703 236.594 241.77
1892.87 169.257 359.932 1 245.34 252.303 232.8
1715.16 170.255 -634.73 1 241.834 252.042 226.389
1173.66 171.192 -942.981 1 232.221 241.107 249.487
1337.02 171.913 -765.784 1 227.983 245.095 235.643
1507.68 171.028 -35.4603 3 250.045 233.483 234.506
1709.5 171.462 -762.583 4 238.588 227.008 242.147
1493.7 172.419 -981.856 3 249.238 245.379 233.379
1861.9 172.529 569.61 2 242.025 233.351 252.141
1500.39 174.02 -381.706 2 250.168 225.223 250.59
1886.24 174.898 -825.998 2 230.836 242.569 236.583
1760.81 177.042 -550.568 4 249.321 232.083 245.155
1715.99 178.911 344.838 3 255.083 243.816 242.62
1763.84 182.946 190.131 4 253.215 238.025 250.924
1751.54 185.56 74.5906 4 238.457 238.938 232.66
1485.29 186.775 92.7618 4 243.981 250.014 239.953
1768.46 188.586 258.857 2 255.946 253.54 249.952
1211.63 189.484 917.368 1 253.138 228.318 244.895
1773.12 189.625 -881.737 2 227.319 232.523 244.806
1161.53 192.231 32.3297 2 225.43 234.898 229.788
1794.24 192.523 271.509 2 254.258 250.097 243.023
1473.33 193.047 -95.3972 3 231.925 239.018 232.04
1850.24 194.003 867.96 1 241.588 251.554 235.407
1846.13 195.668 70.0081 3 235.642 241.164 233.082
1750.04 196.11 -533.811 4 244.497 248.58 225.703
1456.44 197.221 -311.193 1 242.735 251.71 228.592
1804.79 197.644 791.107 1 243.873 236.023 232.129
1349.49 199.749 700.233 3 238.019 254.275 226.351
1763.04 201.128 766.425 1 227.555 253.784 246.547
1796.96 201.194 -777.972 1 238.473 246.358 244.16
1751.59 202.994 670.274 1 242.089 234.495 236.573
1817 202.208 -395.492 2 227.742 254.938 252.055
1347.09 203.593 84.3628 4 234.426 235.186 225.375
1781.82 203.907 681.041 1 234.746 238.687 244.069
1286.35 205.463 976.232 1 249.604 238.734 243.459
1783.57 205.574 -373.577 4 240.62 245.378 236.356
1838.49 206.345 499.939 2 237.319 230.202 247.761
1211.25 207.232 -130.557 1 240.29 242.529 240.441
1246.79 207.373 466.035 3 235.917 239.477 252.519
1462.19 207.645 -679.36 1 229.708 239.887 248.812
1383.86 208.451 692.756 2 241.07 244.059 239.561
1452.35 208.2 539.643 2 249.81 255.091 253.435
1302.91 209.003 677.31 3 247.339 252.132 230.785
1880.34 209.164 -563.579 2 227.45 228.01 246.719
1843.88 210.099 220.878 2 237.152 240.844 226.551
1437.99 212.195 -943.855 3 236.523 227.127 254.941
1348.84 215.499 770.673 1 254.59 247.348 229.76
1435.21 215.165 -312.758 1 241.191 239.026 229.466
1541.21 215.351 -138.922 1 248.984 240.978 238.949
1924.8 216.04 -546.951 2 238.336 251.18 245.312
1296.32 218.019 253.655 2 235.416 246.456 235.432
1388.17 218.828 991.232 2 234.069 238.838 240.736
1822.35 218.982 660.975 3 238.127 247.459 243.54
1813.84 219.42 -979.239 4 233.207 237.398 228.407
1666.84 221.018 -145.66 4 254.897 247.755 247.645
1350.53 222.989 16.2536 3 228.058 239.424 231.858
1366.63 223.026 -188.254 1 233.128 248.579 235.815
1375.63 223.471 313.192 4 244.894 246.637 228.842
1427.29 223.398 -16.6939 3 248.297 254.897 242.603
1935.39 223.319 -439.592 2 251.284 227.533 228.522
1406.67 224.352 397.379 3 253.358 237.553 251.657
1868.26 224.728 722.984 3 231.013 243.983 249.147
1392.94 225.355 -354.143 2 230.399 229.987 239.426
1866.69 225.027 -512.755 4 242.022 235.997 234.267
1162.04 226.39 148.162 2 226.538 243.498 241.409
1368.86 226.69 -224.399 3 247.371 238.837 244.117
1181.08 227.434 -430.467 2 245.961 247.106 233.004
1332.91 227.32 -792.402 1 249.732 225.058 247.288
1334.97 227.244 -139.605 1 242.808 243.713 247.614
1669.09 228.007 -325.589 2 248.945 250.819 253.386
1417.98 229.046 788.268 3 253.244 237.023 250.723
1677.22 229.863 -212.474 3 250.647 255.223 233.435
1178.2 230.623 -769.423 3 249.018 233.127 253.754
1225.63 230.733 826.285 3 237.293 238.187 237.265
1383.84 230.243 506.991 3 245.975 234.517 236.818
1880.76 231.212 -449.865 3 229.55 254.814 235.08
1357.84 232.047 -623.239 3 233.99 254.429 241.36
1419 232.032 -496.296 3 242.592 249.6 243.167
1362.74 234.854 7.44791 1 232.013 235.156 235.652
1677.32 234.243 -761.11 1 255.493 239.029 225.54
1196.87 235.376 -661.584 3 253.021 249.837 251.293
1215.2 235.87 190.181 3 230.637 255.334 247.193
1364.6 236.934 -962.624 3 231.986 249.986 234.842
1682.15 237.278 225.053 3 226.101 254.402 252.716
1339.16 238.252 200.472 2 253.582 231.482 231.327
1372.28 238.712 -674.939 1 238.676 247.924 225.92
1394.69 238.059 991.369 2 228.992 225.016 240.775
1418.49 238.991 993.51 4 231.658 247.133 251.298
1711.54 239.86 700.056 3 230.542 229.335 251.073
1198.66 242.901 -632.864 3 242.287 230.476 239.226
1333.06 242.991 497.671 2 246.966 253.96 242.212
1866.67 243.144 -999.389 2 237.627 250.543 235.907
1896.74 243.281 -424.743 3 231.139 254.265 233.74
1268.38 244.426 -759.229 2 227.236 246.73 243.146
1090 245.443 447.128 1 235.997 230.103 250.171
1925.74 245.401 -627.022 3 238.937 234.803 226.086
1872.87 246.197 282.318 4 249.372 235.854 231.929
1390.7 247.937 871.312 1 242.21 250.771 240.295
1394.23 248.246 571.633 3 227.71 230.545 242.764
1357.22 249.178 278.392 3 232.288 228.102 237.898
1167.58 251.705 -373.217 1 240.701 249.086 226.047
1398.1 251.383 -155.21 2 241.261 228.769 244.294
1906.8 251.289 918.122 2 234.249 254.869 243.724
1340.37 254.358 574.255 3 243.554 245.268 234.633
1395.94 254.593 986.615 4 230.144 249.961 253.28
1399.72 256.77 725.963 1 245.634 237.791 225.967
1154.69 257.007 637.568 2 247.795 251.703 238.582
1351.99 259.733 256.852 1 232.316 239.778 231.89
1298.61 261.094 897.335 4 250.003 227.95 252.329
1259.73 262.696 -661.397 3 242.107 234.31 242.807
1880.26 262.321 533.452 2 253.868 244.319 236.277
1094.85 265.279 -307.389 1 226.881 242.077 241.657
1109.61 265.381 928.605 2 250.305 245.588 251.015
1111.33 268.653 312.368 1 253.499 226.428 244.587
1938.46 271.326 -124.14 3 231.936 228.232 241.6
1178.8 272.52 -432.074 2 255.931 254.337 231.619
1302.99 272.387 -812.385 4 227.408 245.274 245.971
1076.85 273.462 501.952 2 251.865 227.619 248.992
1874 273.562 865.304 4 228.875 226.371 243.736
1878.96 274.665 -209.461 4 232.743 250.599 241.009
1293.44 275.258 275.51 3 245.474 234.503 246.822
1866.96 275.326 824.772 1 247.86 246.275 253.069
1122.75 277.922 666.799 1 241.804 233.928 236.284
1096.81 278.716 343.248 2 251.61 252.716 227.355
1186.99 278.511 517.209 1 248.46 253.391 228.986
1760.49 278.749 162.378 1 234.182 241.995 252.273
1212.6 281.919 5.206 1 248.633 231.135 251.409
1269.73 282.665 485.71 2 243.144 233.1 225.633
1358.29 283.041 731.572 3 236.736 250.252 247.812
1217.44 285.218 71.8538 3 227.506 250.123 241.933
1262.03 285.655 131.353 3 243.592 244.188 226.738
1941.77 287.821 -448.114 1 253.36 247.391 254.6
1208.96 288.722 812.148 3 244.557 233.244 239.361
1851.25 288.226 208.894 4 252.935 241.86 255.449
1861.06 288.033 -428.19 3 233.059 249.765 231.889
1910.14 288.838 -805.171 1 240.417 252.753 250.74
1859.04 289.577 577.578 4 236.915 230.801 228.996
1354.09 291.764 -303.325 1 229.018 248.734 242.596
1234.54 293.881 -349.318 1 225.163 229.712 231.396
1673.27 293.582 826.55 3 248.552 231.926 240.313
1675.85 294.423 -121.97 4 237.497 248.648 252.058
1214.08 295.66 -441.731 1 226.389 232.303 250.131
1324.39 295.37 617.521 2 235.692 229.029 236.958
1650.4 295.201 394.09 2 225.118 234.627 248.547
1702.24 295.4 422.581 1 230.083 229.311 252.815
1705.22 296.714 400.324 3 247.289 246.157 236.897
1346.6 297.277 952.011 1 249.307 248.962 244.848
1132.9 298.703 941.165 3 233.631 237.263 238.986
1664.8 298.772 448.507 2 254.047 239.631 249.762
1732.23 298.292 -191.901 1 233.889 247.071 253.262
1130.44 299.72 680.193 1 233.005 229.688 230.492
1157.88 299.671 834.745 1 244.59 250.537 255.006
1842.1 299.897 -710.471 1 240.1 255.083 229.287
1715.88 302.592 -455.094 2 244.875 228.13 243.598
1726.03 302.475 -519.077 4 230.157 229.314 240.629
1802.87 303.633 756.507 3 231.024 248.51 238.86
1820.31 303.515 -435.054 1 231.887 239.078 243.731
1823.2 303.977 -783.269 1 255.98 253.338 255.054
1322.32 304.467 -828.781 3 226.124 243.675 230.663
1656.92 304.735 783.128 1 254.101 253.362 251.383
1675.33 304.924 897.731 3 229.9 234.538 244.088
1680.04 304.015 181.412 4 230.675 237.645 229.047
1329.66 305.828 -407.768 2 254.627 237.342 241.683
1577.83 305.284 -891.193 2 255.066 248.589 227.932
1702.43 305.534 339.71 3 244.391 255.592 252.027
1764.97 305.6 -913.511 4 248.419 246.282 226.45
1817.16 307.552 844.832 1 228.749 251.323 231.31
1921.53 308.841 238.055 3 232.618 247.136 237.415
1607.46 310.472 -472.74 2 231.427 231.762 233.248
1634.71 313.243 -488.135 4 245.317 249.747 252.352
1643.86 313.784 -262.303 1 238.793 225.829 239.381
1583.09 314.518 858.178 1 229.984 237.767 234.312
1616.67 314.451 863.299 2 234.967 248.634 238.767
1706.99 315.54 -110.809 4 246.938 226.317 235.207
1267.71 316.446 758.149 4 241.457 235.646 242.451
1509.62 318.59 -266.354 2 251.341 240.793 241.972
1625.32 318.666 -492.213 3 232.583 244.217 246.868
1596.14 319.111 991.142 4 236.666 243.153 233.128
1734.57 319.861 -368.17 1 234.411 235.766 247.433
1502.14 320.434 912.067 4 239.069 237.121 242.522
1605.39 320.752 408.189 3 231.205 236.446 254.355
1258.11 321.391 -724.747 1 229.782 251.409 228.924
1541.56 321.151 -873.785 4 254.712 252.009 226.999
1727.41 321.935 837.654 1 237.695 227.976 241.398
1784.75 321.186 -107.636 3 236.742 254.563 238.733
1275.4 322.951 149.571 2 226.663 227.241 247.73
1504.58 322.781 -293.192 1 232.677 254.476 229.429
1894.03 322.499 -414.265 3 238.674 235.341 248.104
1313.26 323.183 301.559 4 250.852 247.162 242.044
1515.99 323.629 277.647 3 235.134 237.805 233.309
1626.34 323.184 676.158 4 252.175 227.124 230.973
1635.16 323.235 335.786 4 241.77 236.481 235.681
1200.18 324.805 -934.834 1 229.075 236.142 232.993
1480.6 324.21 747.637 2 252.603 240.501 234.115
1524.56 324.534 -987.731 3 245.941 226.357 236.707
1534.02 324.879 388.301 4 251.633 255.792 231.915
1269.81 325.414 59.0595 4 233.469 228.697 240.77
1273.78 325.252 -330.126 4 231.944 255.027 243.009
1509.21 325.271 -138.803 1 230.176 247.585 250.003
1291.84 326.61 284.053 3 230.878 243.084 255.85
1558.14 326.333 -397.289 4 229.647 241.838 243.146
1712.52 326.131 -310.136 1 231.028 247.726 239.248
1872.65 328.232 106.601 2 249.756 229.176 238
1248.2 329.019 11.3921 4 250.195 239.626 227.315
1448.91 329.454 -273.789 3 227.277 230.564 252.096
1232.54 330.501 251.129 4 254.532 246.39 234.307
1144.71 331.274 271.852 3 252.919 244.044 231.278
1253.15 331.182 324.632 3 231.688 248.578 246.812
1441.5 332.941 450.969 1 225.554 227.796 231.473
1807.46 332.696 410.842 1 229.973 237.549 228.699
1576.27 336.851 586.472 1 243.327 252.439 227.204
1590 336.894 394.822 2 244.959 249.124 254.283
1283.44 338.568 214.087 4 248.706 235.236 250.573
1290.32 338.776 383 3 252.926 248.799 247.911
1628.45 338.04 552.853 2 237.906 235.177 233.599
1155.34 340.614 -799.66 3 226.526 253.446 241.07
1513.97 340.632 94.5812 1 232.517 228.195 235.55
1788.63 340.34 -220.747 3 225.513 232.09 249.359
1238.53 341.334 -462.137 3 243.298 241.107 248.018
1279.92 343.796 -604.21 1 232.961 244.484 241.115
1577.79 343.469 885.252 1 226.768 249.91 246.304
1741.89 343.363 146.247 2 237.123 241.474 247.16
1791.87 343.16 -362.223 3 231.806 226.624 228.186
1424.31 344.025 377.693 4 245.992 248.235 240.402
1487.74 344.4 -73.0804 3 255.433 228.342 233.134
1242.26 346.836 474.824 4 245.205 225.267 226.133
1409.46 346.323 -564.064 2 244.394 236.147 227.433
1268.87 347.732 993.361 2 234.387 254.5 249.119
1471.36 347.054 597.246 1 225.795 245.287 231.209
1248.62 348.002 -4.57255 4 230.533 232.23 233.236
1659.56 348.759 264.077 1 243.025 234.241 249.353
1219.12 350.972 -796.075 2 227.919 243.016 231.212
1423.99 350.176 -525.71 2 237.271 227.498 245.288
1572.73 350.34 793.929 2 253.16 244.934 239.692
1230.71 351.877 -537.472 2 226.222 232.526 250.332
1145.33 352.287 384.792 1 228.472 230.339 229.095
1601.78 352.246 404.536 1 241.712 247.386 247.871
1419.87 353.208 557.061 4 228.827 239.163 227.651
1178.32 354.569 -297.82 1 246.225 234.721 238.272
1792.75 355.94 929.94 2 244.637 253.33 228.267
1007.31 356.923 200.167 1 248.598 236.234 226.397
1370.62 356.979 347.298 3 230.256 254.622 242.695
1409.21 356.099 -580.347 1 255.253 245.752 225.13
1528.79 356.35 287.86 3 243.923 251.976 225.963
1193.21 357.217 952.387 3 252.436 252.105 237.613
1412.19 360.218 -73.8101 1 248.617 243.259 254.686
1193.81 363.549 39.541 3 245.641 232.397 233.096
1524.91 363.181 800.906 2 226.614 249.146 241.11
1188.04 364.221 237.889 1 244.286 241.906 239.802
1341.32 365.14 260.26 1 244.797 238.69 238.411
1152.7 367.234 -205.682 2 249.929 227.663 233.489
1235.84 367.24 848.049 2 249.001 245.252 233.036
1345.87 367.595 -263.868 1 231.66 245.212 227.998
1396 367.447 313.292 2 234.64 253.432 225.409
1399.47 367.39 -725.419 3 233.41 236.881 240.416
1343.13 368.724 -256.503 3 255.578 231.065 236.339
1364.2 370.818 727.244 4 226.326 235.969 229.006
1381.92 371.63 113.618 2 241.543 234.028 248.467
1400.76 371.918 350.499 2 239.161 227.866 249.109
1334.34 372.475 453.792 1 230.98 245.788 247.754
1341.67 373.099 589.018 3 237.115 242.418 238.471
1343.69 374.559 337.023 1 228.929 232.521 235.455
1193.64 380.395 -137.664 2 252.96 242.128 247.546
1355.42 380.237 738.768 3 254.097 246.158 228.293
1234.24 381.632 7.7541 1 238.881 253.202 241.719
1154.94 388.627 -827.447 2 226.785 252.808 249.722
1285.11 391.868 -974.889 2 245.525 241.603 226.527
1286.14 392.661 754.099 1 247.208 227.773 253.088
1239.34 394.322 -984.33 1 230.456 248.832 226.22
1305.67 394.151 -36.526 2 226.603 230.139 237.365
1302.88 396.291 -973.823 2 231.558 230.574 245.643
1208.13 397.914 -247.366 1 231.756 233.022 248.283
1297.29 397.923 -668.768 2 252.89 250.058 239.595
1298.07 397.317 -238.108 3 241.518 228.726 255.718
1012.88 400.378 -502.869 2 247.78 248.356 242.519
1840.47 401.757 355.671 2 238.359 230.913 227.468
1105.58 402.257 807.958 2 236.616 229.078 241.809
1097.49 406.923 120.411 2 234.368 255.217 248.908
1246.8 410.697 70.52 2 225.318 250.716 239.975
1083.9 416.328 -954.967 1 227.85 226.836 228.366
1384.63 418.232 204.944 1 239.209 225.605 235.673
1455.98 418.327 -546.1 1 228.953 233.941 225.624
1345.26 420.544 -40.572 2 228.387 238.41 228.927
1310.55 422.362 -98.2902 1 236.106 244.954 255.284
1647.16 422.698 -426.422 2 247.252 235.979 230.035
1254.5 423.998 -566.065 2 226.04 253.424 254.958
1122.46 425.697 -832.244 3 243.492 251.948 249.029
1076.11 436.194 -397.932 2 249.083 226.971 247.467
1041.55 438.512 -419.591 3 252.607 244.049 238.701
1319.37 438.096 -630.956 1 229.449 228.6 225.089
1268.29 443.135 858.419 2 252.584 254.348 231.103
1290.73 444.129 -278.127 2 245.376 252.595 235.254
1309.82 445.254 -149.236 2 250.651 255.248 248.342
1046.22 446.49 -741.494 2 249.599 233.716 241.046
1045 447.592 248.178 2 252.75 254.873 230.656
1019.23 450.996 -431.65 3 232.415 244.702 237.869
1177.81 454.272 912.614 3 232.476 244.458 226.902
1167.5 456.582 945.127 2 250.435 238.06 239.141
1036.02 457.316 902.11 3 225.028 240.169 245.471
1502.72 457.909 273.509 1 232.096 241.511 225.403
1854.93 457.523 424.304 2 238.93 253.866 238.933
1115.87 462.738 -73.6566 1 234.038 237.174 249.462
1459.69 466.62 -46.2462 1 252.188 228.574 236.682
1027.29 468.593 -109.648 2 243.651 242.347 243.322
1156.55 471.451 -324.084 3 228.808 236.761 234.423
1222.66 471.115 -287.792 2 226.146 237.574 228.817
1229.71 473.309 70.5649 3 233.942 240.262 232.115
1283.96 474.121 603.179 2 235.557 229.799 234.265
1782.56 475.825 -485.821 2 225.92 255.074 233.213
1191.23 477.691 854.322 1 255.032 254.435 225.964
1136.34 478.722 813.742 1 244.157 246.294 234.93
1256.81 478.938 -59.7003 1 231.163 251.522 237.875
1280.66 480.731 659.621 1 239.937 236.561 249.719
1255.43 485.332 625.282 2 252.485 248.194 249.813
1498.9 486.131 -117.142 1 232.47 230.71 252.869
1162.91 489.639 -567.176 2 238.009 225.287 252.747
1128.22 490.084 736.644 2 253.843 254.554 237.286
1032.52 491.359 -703.58 1 249.185 225.545 247.421
1208.91 494.583 -673.999 3 230.622 241.311 241.359
1109.73 496.45 844.763 3 255.103 248.232 246.054
1146.06 498.781 545.417 3 248.133 245.528 236.66
1867.53 498.639 -333.138 2 235.18 229.646 231.969
1187.51 503.49 -154.658 2 245.12 250.975 247.26
1155.83 509.615 370.474 3 241.473 226.935 252.8
1107.3 510.485 539.782 1 243.943 234.357 249.55
1580.77 511.832 102.311 2 242.554 247.561 254.974
1173.05 513.9 -170.393 2 241.243 230.713 231.325
1088.85 515.403 593.589 3 235.933 241.797 253.067
1051.39 519.488 -106.797 1 229.076 240.353 233.274
1197.65 521.097 -279.829 1 239.561 246.071 231.081
1041.46 530.875 -373.85 2 231.998 235.193 252.626
1240.54 530.49 19.9618 2 251.861 244.466 237.538
1178.24 532.406 305.119 1 227.531 226.234 251.785
1356.77 262.735 -745.29 2 251.547 236.795 231.862
1343.82 266.741 53.4086 3 233.841 242.913 238.177
1334.8 269.703 878.672 7 253.506 232.648 237.123
1318.67 273.436 881.069 4 244.164 229.121 232.483
1308.32 276.864 -161.03 1 254.505 239.844 238.675
1293.18 280.884 -835.579 7 246.088 249.676 231.051
1278.22 284.365 -419.88 6 255.473 237.172 246.204
1260.71 288.893 -707.082 5 248.737 231.748 251.732
1240.82 293.507 132.345 2 253.049 244.773 229.111
1228.58 297.099 -286.08 7 243.576 254.013 236.519
1216.26 301.932 -463.122 4 229.953 230.484 247.81
1197.86 305.997 -540.726 2 232.685 225.692 248.971
1185.55 309.91 704.016 1 230.032 239.686 242.837
1183.79 309.07 883.25 1 248.942 228.741 238.06
1178.75 310.551 311.53 4 251.352 226.069 253.72
1164.75 314.137 537.716 7 232.942 249.764 237.457
1165.4 317.283 599.338 5 255.648 231.089 240.125
1176.48 316.237 524.738 7 228.876 236.709 229.807
1191.75 315.769 -129.239 3 250.766 241.625 243.288
1201.94 314.349 382.137 4 239.1 254.949 253.65
1212.53 314.117 -732.461 6 251.429 254.673 231.278
1221.04 313.089 764.093 1 250.013 235.314 236.967
1234.07 313.309 -627.595 7 242.471 251.485 230.704
1243.13 312.55 62.3302 2 247.619 232.872 245.804
1255.82 311.451 0.178814 7 246.848 251.486 235.798
1266.27 310.591 690.858 2 249.624 232.427 247.554
1269.17 310.512 -630.12 3 236.839 254.133 246.363
1280.21 310.325 -808.632 7 241.084 233.393 251.084
1300.71 308.62 -336.118 5 226.154 238.346 240.758
1310.6 303.191 907.886 4 240.425 238.766 233.786
1316.87 299.619 -945.456 3 231.517 233.411 236.91
1328.06 289.177 -547.271 2 237.883 228.531 253.823
1339.25 282.01 60.9987 5 243.529 227.665 225.139
1350.66 273.724 11.7925 7 253.554 237.698 248.759
1357.64 262.137 -39.284 2 225.614 245.209 246.739
1661.27 216.08 966.416 1 249.294 242.874 226.527
1669.08 218.77 -423.187 6 241.777 249.171 243.675
1681.29 223.231 344.912 4 236.29 251.239 234.415
1694.71 229.92 -95.2742 6 246.13 230.529 245.727
1711.5 237.82 -591.583 5 247.486 233.783 251.374
1719.66 240.026 152.034 7 244.58 225.149 237.085
1733.21 246.252 688.115 2 254.818 253.482 238.143
1720.63 246.19 38.3458 2 255.611 249.227 233.96
1710.54 245.882 968.04 1 254.103 250.182 249.465
1696.28 244.84 540.921 7 245.715 230.611 252.97
1686.58 243.99 667.219 2 240.955 226.49 240.525
1676.63 242.519 -826.016 4 248.283 244.266 227.134
1665.85 227.241 101.754 6 241.675 245.792 229.916
1660.87 215.308 959.707 4 238.636 249.461 255.498
1328.78 172.762 891.905 5 244.591 231.746 228.729
1311.4 173.72 -743.932 6 229.844 230.506 243.789
1304.42 173.725 358.578 5 237.89 250.004 238.119
1289.71 174.92 -469.458 1 253.793 254.052 228.418
1281.26 175.804 -32.585 7 242.869 236.017 255.845
1265.73 177.311 -247.613 4 238.73 239.141 229.23
1255.02 177.267 249.536 5 253.472 232.949 238.342
1243.21 179.764 -773.194 1 234.481 238.344 227.444
1238.17 179.666 925.825 3 230.045 228.919 254.476
1229.95 180.141 240.224 4 247.311 226.695 251.978
1235.46 183.123 -617.75 1 253.758 242.742 238.834
1238.88 183.691 978.192 5 243.694 236.115 252.139
1257.45 184.431 -255.475 6 227.513 232.868 247.235
1264.99 184.59 124.417 6 237.513 251.304 248.975
1272.67 185.687 -190.496 2 249.825 235.276 236.834
1275.35 186.008 890.983 5 225.651 233.236 241.133
1281.65 186.39 -234.149 7 235.464 237.034 239.709
1299.53 189.359 -301.21 4 253.054 245.541 242.987
1316.64 191.711 903.878 5 244.194 233.491 246.511
1336.97 194.564 -525.873 1 235.521 233.806 239.358
1345.41 196.051 -599.527 3 233.139 250.676 243.319
1363.51 200.097 -106.903 3 253.528 241.582 234.03
1380.55 204.813 481.432 2 233.766 243.582 241.121
1388.26 206.832 955.111 7 227.085 229.665 227.992
1410.52 212.809 276.611 5 248.08 225.389 254.145
1416.91 214.327 17.7281 2 229.699 238.708 254.114
1425.2 215.625 786.381 1 248.11 242.136 239.542
1433.62 211.722 535.515 4 253.967 226.779 253.224
1450.92 198.09 -998.545 3 234.268 255.403 249.486
1459.6 192.954 -454.485 4 225.393 249.118 234.418
1467.39 186.212 -846.321 4 251.269 251.359 252.87
1474.14 180.952 207.031 5 250.749 244.035 240.186
1474.58 175.822 557.695 3 255.95 241.626 226.439
1461.71 174.726 -979.934 5 253.77 240.733 244.593
1443.34 173.304 -967.956 2 250.747 249.07 247.56
1440.51 173.442 -507.329 5 234.742 234.588 250.225
1429.99 173.283 431.717 1 255.56 248.217 240.076
1418.82 172.505 -646.608 3 228.189 243.574 251.639
1411.38 172.514 951.848 7 233.753 250.734 233.706
1392.27 172.33 150.131 2 228.39 251.228 231.911
1389.1 172.823 -196.27 4 255.779 255.842 250.34
1383.09 172.6 -626.871 4 252.216 255.573 232.17
1364.56 172.191 205.455 3 234.799 245.201 249.948
1348.73 172.171 -809.98 1 255.615 249.604 239.817
1345.03 172.774 49.5788 3 233.799 238.503 238.709
1330.51 172.373 -242.87 2 249.224 234.049 241.139
1270.75 34.1208 -668.03 1 227.244 236.971 235.586
1270.39 38.0794 632.376 1 242.423 244.297 230.76
1279.98 39.6402 -269.621 5 243.236 252.534 238.796
1285.04 40.9949 64.0581 1 228.814 247.967 225.485
1289.91 40.8101 911.705 5 251.405 239.554 229.989
1302.22 42.2192 -367.419 4 249.862 226.055 234.14
1308.95 43.1331 606.847 1 234.747 233.526 248.508
1316.91 44.0526 572.958 3 245.616 249.266 241.141
1323 46.7221 -395.141 3 249.019 252.816 236.702
1339.45 49.1925 926.006 7 247.526 243.613 228.816
1350.43 51.3529 135.267 1 253.733 227.496 234.022
1355.04 52.6519 -936.806 6 238.796 248.802 242.259
1369.79 56.9428 184.363 6 234.872 232.191 250.87
1385.6 60.5738 -329.942 3 238.57 251.638 234.508
1400.3 65.7949 514.293 1 252.186 255.839 243.284
1412.16 69.1861 -333.619 2 243.536 241.658 229.314
1423.88 73.0919 -342.895 5 230.174 227.905 252.058
1436.24 78.1802 362.373 5 248.065 228.619 245.339
1442.87 81.0995 73.9837 1 241.682 251.297 228.032
1456.21 86.0821 -863.825 5 236.477 251.383 252.061
1472.13 94.0164 376.377 1 250.74 237.23 226.649
1483.33 100.902 -805.896 7 244.952 234.141 249.756
1501.23 112.515 159.89 1 246.313 226.701 248.751
1514.49 121.761 717.331 7 237.128 247.74 253.135
1525.09 134.322 962.122 4 242.422 241.311 233.853
1528.17 143.212 -1.50341 5 230.291 235.454 225.097
1523.22 157.37 -695.745 3 255.047 227.592 252.327
1509.75 172.009 -523.315 6 229.958 250.029 227.41
1500.7 180.708 -75.246 3 230.372 240.029 236.419
1488.47 191.505 863.835 3 251.552 247.58 231.038
1475 201.463 -10.8345 7 230.979 253.575 245.884
1459.26 213.545 -566.003 5 228.804 227.431 233.082
1450.63 220.547 -532.804 4 249.985 228.581 239.073
1445.05 223.044 -532.261 6 238.223 229.183 254.75
1426.55 238.423 -927.138 7 244.429 247.139 244.721
1409.71 251.954 -425.847 1 241.888 237.08 250.368
1400.59 257.049 -476.64 3 240.221 227.353 235.257
1392.69 263.216 918.662 7 244.622 239.643 230.364
1378.25 274.27 339.183 6 236.503 248.23 242.084
1359.31 289.684 652.95 6 231.919 240.627 243.386
1349.01 296.511 941.584 5 240.512 237.127 230.872
1338.38 305.352 980.928 7 237.241 240.742 235.984
1328.9 312.79 307.038 1 235.782 236.184 238.826
1316.34 321.956 -489.88 4 240.605 225.203 250.191
1310.43 326.411 895.358 3 249.826 231.298 252.717
1302.5 332.447 -980.208 1 240.744 247.612 253.256
1290.86 341.273 887.818 3 236.86 250.897 232.345
1276.17 351.478 528.787 7 231.301 248.694 226.555
1256.3 366.447 816.998 5 255.367 250.564 231.254
1245.11 375.593 462.385 7 225.256 241.11 253.015
1237.32 381.476 181.063 3 248.11 237.33 232.719
1233.09 384.852 -955.275 6 231.206 232.22 251.831
1224.09 390.655 299.822 6 239.744 241.985 242.375
1215.48 398.132 742.041 6 238.909 243.936 231.125
1195.33 412.492 809.13 1 233.692 243.411 236.715
1182.46 422.984 108.678 6 251.049 237.844 225.51
1175.42 427.186 -749.82 3 245.631 255.643 239.135
1169.83 432.641 381.174 2 252.089 248.814 236.192
1160.24 439.422 539.423 4 249.162 244.352 251.426
1152.06 445.58 -542.821 7 244.076 247.542 241.481
1141.57 453.906 -822.356 7 247.381 237.339 253.353
1127.51 464.219 -937.137 4 243.619 247.702 238.826
1121.9 468.507 -599.381 7 225.171 230.559 231.581
1105.96 480.279 -404.236 7 228.277 238.147 248.586
1087.21 494.533 -886.595 7 229.725 230.26 233.775
1083.95 501.572 -362.977 5 230.981 250.114 239.712
1098.99 492.377 -107.514 7 242.048 246.169 255.472
1118.2 480.893 -520.572 6 255.079 255.614 225.426
1136.41 469.835 321.666 1 254.797 255.537 243.595
1139.64 467.651 -829.776 7 242.88 241.319 237.363
1153.44 459.395 818.094 6 247.694 248.227 244.817
1170.61 450.45 918.788 3 254.636 252.689 241.231
1181.11 443.077 74.8854 1 237.475 242.883 243.384
1186.08 440.876 789.606 5 231.809 251.307 255.295
1200.93 433.02 -5.783 4 226.906 236.363 246.354
1219.83 422.575 621.698 5 231.282 225.036 246.304
1227.11 418.323 177.372 7 251.253 245.548 227.669
1245.57 409.391 142.557 4 243.135 252.573 255.284
1252.57 405.659 896.725 7 238.346 248.076 231.735
1261.99 401.124 -977.739 3 239.601 232.367 244.672
1273.81 395.902 35.5171 3 255.581 238.753 225.891
1280.24 392.054 254.906 1 246.726 247.777 249.029
1293.63 385.824 207.623 1 229.934 235.303 237.67
1305.25 380.006 163.491 5 245.254 225.133 237.972
1318.7 374.233 -294.451 4 251.911 241.893 237.202
1331.14 368.876 -700.028 7 231.354 226.797 225.771
1346.02 362.982 939.332 3 250.429 239.653 232.301
1353.21 360.394 290.947 2 244.335 234.733 229.711
1357.06 358.7 483.424 6 228.842 244.496 252.07
1373.5 352.257 747.163 4 228.633 229.77 232.907
1383.24 348.894 800.453 3 254.06 231.669 226.763
1397.61 343.774 983.43 5 251.556 231.345 251.639
1414.27 337.596 -10.702 5 246.857 232.746 241.276
1422.34 334.408 272.097 5 250.119 237.777 246.056
1441.61 329.415 -292.575 7 241.59 227.325 228.935
1454.79 325.544 735.543 3 228.633 230.157 225.923
1460.04 324.583 30.9349 6 245.198 244.252 250.755
1478.34 319.472 903.53 1 244.613 245.199 226.653
1486.29 317.64 -133.672 5 229.388 227.604 232.532
1498.73 314.212 468.342 2 231.539 254.312 227.998
1509.61 312.062 766.768 4 235.359 254.002 251.879
1521.27 310.871 169.238 6 232.704 241.134 248.711
1537.25 306.484 650.261 4 243.038 253.093 230.296
1549.66 305.605 135.654 6 237.147 228.751 243.38
1562.08 303.836 -813.999 1 233.032 240.797 234.08
1569.12 302.737 63.2186 3 251.95 242.689 235.851
1588 299.557 28.017 5 232.779 247.021 227.995
1597.03 298.906 374.542 4 238.016 233.104 249.628
1616.58 296.357 455.135 5 240.818 245.207 225.965
1624.74 295.663 -602.641 2 255.354 241.684 226.48
1636.5 295.765 579.25 3 230.673 245.972 226.511
1644.33 294.281 999.703 3 243.669 226.991 234.347
1657.7 293.872 897.961 5 244.9 245.848 245.557
1666.23 293.134 -604.74 7 233.137 226.974 248.943
1685.61 292.692 414.944 5 236.006 247.74 244.607
1695.51 291.909 94.1716 3 249.175 230.697 253.259
1700.4 291.455 320.814 5 255.605 228.011 237.135
1714.14 291.887 -892.981 6 234.778 255.001 243.326
1724.5 291.402 -737.19 1 235.807 235.058 252.691
1733.3 291.35 204.592 4 235.625 226.626 254.003
1741.78 291.893 -168.532 4 237.181 234.719 233.47
1754.28 291.292 -272.461 1 248.173 243.279 230.871
1757.5 291.798 403.009 4 229.28 232.582 243.023
1773.2 292.671 482.787 3 239.639 251.418 246.333
1784.51 292.157 481.03 1 233.065 234.524 240.674
1796.95 293.548 -119.875 7 231.297 228.776 231.627
1818.27 294.593 -842.803 5 231.484 230.432 251.306
1824.37 292.501 -196.765 6 232.726 246.128 248.147
1838.44 285.769 -489.588 4 247.184 251.662 229.047
1851.53 277.972 -962.827 2 255.598 249.649 246.035
1855.76 275.783 767.035 6 228.655 252.374 241.502
1870.69 266.306 -70.5364 3 255.341 255.885 248.303
1881.9 260.9 -382.999 4 239.124 234.696 243.677
1882.33 251.611 -189.244 1 236.998 231.799 234.058
1877.4 248.43 569.712 5 248.6 240.635 247.543
1858.67 242.911 709.575 3 228.862 225.919 248.625
1840.62 235.251 -186.074 5 255.648 235.709 240.125
1834.73 232.725 718.226 6 227.083 246.935 244.792
1820.65 227.922 -263.874 6 228.176 242.169 237.098
1811.75 224.678 793.824 3 242.868 229.528 239.082
1806.16 222.415 -420.841 7 253.305 237.86 231.241
1790.42 216.699 777.844 3 229.038 253.543 231.026
1777.89 211.002 625.486 2 230.801 235.249 239.141
1772.45 209.148 -217.327 1 253.27 225.805 238.391
1770.43 208.228 845.145 7 248.676 254.149 250.712
1749.51 200.982 -962.271 3 255.419 244.569 247.435
1743.71 198.689 395.675 6 235.407 232.509 249.75
1722.43 187.318 392.104 4 238.675 232.542 248.877
1706.3 174.423 100.863 7 246.59 227.564 248.576
1695.98 162.68 -701.381 6 230.521 230.856 243.549
1685.22 147.826 -121.119 2 241.681 243 252.008
1681.6 140.68 960.877 1 238.764 225.239 236.103
1676.62 130.368 909.461 4 251.69 225.142 225.738
1669.42 115.683 -339.478 1 232.083 236.289 232.01
1661.77 111.401 346.218 1 248.116 227.127 255.822
1658.51 110.917 -271.971 5 238.565 241.073 227.47
1652.55 108.08 524.316 5 237.393 238.864 233.592
1632.71 104.174 479.192 6 239.014 251.508 244.136
1615.7 100.786 -490.051 5 234.255 240.808 255.116
1606.51 98.4583 -95.6965 1 240.37 230.758 236.027
1600.04 96.5427 -84.0284 5 229.584 232.38 251.216
1580.47 92.2166 449.805 1 253.557 232.841 226.517
1569.89 89.7463 568.43 6 241.774 236.814 239.017
1562.6 88.3432 -873.029 1 227.703 232.03 228.029
1557.59 87.0644 -521.398 6 233.238 246.468 229.492
1544.27 84.8676 630.582 6 254.358 247.486 245.951
1525.65 79.052 794.574 2 245.126 247.667 243.919
1509.16 76.9367 991.14 6 234.137 225.694 246.469
1489.83 71.8518 -775.472 3 235.832 226.457 238.079
1473.21 68.8565 -148.604 3 250.901 241.932 228.407
1468.54 66.9696 -546.45 1 230.235 238.266 234.815
1455.65 64.5815 329.531 4 250.377 239.866 240.128
1437.03 60.4295 976.867 1 255.013 230.382 238.092
1434.33 59.3709 910.414 2 237.481 252.833 245.65
1420.03 56.8605 -960.739 5 241.849 233.018 227.212
1400.22 52.0174 -53.7934 7 248.429 238.437 232.315
1390.8 49.1545 -201.143 1 232.184 234.832 228.168
1383.02 48.3643 50.2957 6 245.935 241.8 231.909
1369.34 45.6346 -523.863 7 230.35 230.745 236.942
1360.13 44.1821 195.17 6 226.235 246.367 227.253
1351.19 43.0736 556.141 3 229.982 237.32 231.702
1341.05 42.5808 -687.443 4 240.913 237.649 232.008
1328.24 40.0216 -827.158 4 246.474 234.463 236.993
1309.97 38.8064 101.591 5 253.308 233.561 239.468
1294.38 37.9852 802.477 7 229.879 228.236 228.734
1286.21 36.0961 -176.244 5 246.242 236.063 233.136
1273.44 34.8112 89.3322 3 243.237 247.661 227.804
